% File 
% Contains the MAT88 coefficients 
%
    gamma_fact   = [0.002933702702413, -0.006273617730218, -0.007626993519919, 0.009872147598678]
