&partsload
mass=6.7e-27 !3,347e-27, 
charge=1.60217662000000e-19,
weight=1,
H0=3.20000000000000e-14,
P0=8.66000000000000e-25,
nblock=1,
npartsalloc=1500,
velocitytype=1,
radialtype=2,
temperature=300,
is_test=t,
is_field=f,
iiee_id=2,
neuttype_id=2
/

//slices
0.32 0.020 0.020 1500
0.41  
