function out = Stainless()
E0 = [.001 .00125 .00150 .00175 .002 .00225 .00250 .00275 .003 .00350 ...
      .004 .00450 .005 .00550 .006 .00650 .007 .00750 .008 .00850  ...
      .009 .00950];

E1 = [.01 .0125 .015 .0175 .02 .0225 .0250 .0270 .03 .0350 .04 .0450 .05 ...
      .0550 .06 .0650 .07 .0750 .08 .0850  .09 .095 ];

E2 = [.1 .125 .150 .175 .2 .3 .4 .5 .6 .7 .8 .9 ];

E3 = [1 1.5 2 2.5 3 3.5 4 4.5 5 5.5 6 6.5 7 7.5 8 8.5 9 9.5];

E4 = [10 15 20 25 30 35 40 45 50 55 60 65 70 75 80 85 90 95];


Eloss0 = [297.78 332.78 364.43 393.53 420.61 446.05 470.11 493.00 514.86 556.02 ...
          594.32 630.30 664.33 703.07 740.24 775.95 810.32 843.44 875.37 906.19 ...
          935.94 964.68 ];

Eloss1 = [992.44 1117.8 1223.0 1310.5 1382.2 1433.1 1483.9 1532.6 1579.5 1668.0 ...
          1749.1 1823.0 1890.0 1950.6 2005.0 2053.9 2097.5 2136.3 2170.7 2201.1 2227.7 2250.8];

Eloss2 = [2270.8 2331.5 2344.1 2325.5 2286.9 2051.3 1804.6 1593.9 1423.0 1286.2 1187.3 1106.6];

Eloss3 = [1039.2 814.92 682.00 592.01 526.01 474.83 433.92 400.37 372.21 ...
          348.18 327.47 309.29 293.36 279.18 266.52 254.97 244.64 235.23 ];

Eloss4 = [226.57 167.69 134.91 113.82 99.014 88.008 79.474 72.658 67.076 ...
          62.413 58.470 55.069 52.109 49.512 47.211 45.161 43.321 41.660 ];

    out.E       = cat(2, E0, E1, E2, E3, E4);
    out.Eloss   = cat(2, Eloss0, Eloss1, Eloss2, Eloss3, Eloss4);
    out.element = ' $^{304}$SST';
    out.EFermi  = 7.6; %eV

end