function out = Stainless()
E0 = [.001 .002 .003 .004 .005 .007 .009 .01];
E1 = [.0125 .015 .0175 .02 .03 .04 .05 .06 .07 .08 .09 ];
E2 = [.1 .125 .150 .175 .2 .3 .4 .5 .6 .7 .8 .9 ];
E3 = [1 1.5 2 2.5 3 3.5 4 4.5 5 5.5 6 6.5 7 7.5 8 8.5 9 9.5];
E4 = [10 15 20 25 30 35 40 45 50 55 60 65 70 75 80 85 90 95];

    out.E = cat(2, E0, E1, E2, E3, E4);

Eloss0 = [297.78 420.61 514.86 594.32 664.33 810.32 935.94 992.44];
Eloss1 = [1117.8 1223.0 1310.5 1382.2 1579.5 1749.1 1890.0 2005.0 2097.5 2170.7 2227.7];
Eloss2 = [2270.8 2331.5 2344.1 2325.5 2286.9 2051.3 1804.6 1593.9 1423.0 1286.2 1187.3 1106.6];
Eloss3 = [1039.2 814.92 682.00 592.01 526.01 474.83 433.92 400.37 372.21 ...
          348.18 327.47 309.29 293.36 279.18 266.52 254.97 244.64 235.23 ];
Eloss4 = [226.57 167.69 134.91 113.82 99.014 88.008 79.474 72.658 67.076 ...
          62.413 58.470 55.069 52.109 49.512 47.211 45.161 43.321 41.660 ];

    out.Eloss = cat(2, Eloss0, Eloss1, Eloss2, Eloss3, Eloss4);

    out.element = ' $^{304}$SST';

end